255 255 255 255 255 255 255 255 255 255 255 255 255 255 255 255
255 255 255 255 255 255 255 255 255 255 255 255 255 255 255 255
255 255   0   0   0   0   0   0   0   0   0   0   0   0 255 255
255 255   0   0   0   0   0   0   0   0   0   0   0   0 255 255
255 255   0   0   0   0   0   0   0   0   0   0   0   0 255 255
255 255   0   0   0 139 139 212 255 139 139   0   0   0 255 255
255 255   0   0   0 139 253 182 217 253 139   0   0   0 255 255
255 255   0   0   0 182 185 212 228 247 182   0   0   0 255 255
255 255   0   0   0 139 190 239 212 139 139   0   0   0 255 255
255 255   0   0   0 139 253 250 185 231 242   0   0   0 255 255
255 255   0   0   0 139 139 212 182 139 139   0   0   0 255 255
255 255   0   0   0   0   0   0   0   0   0   0   0   0 255 255
255 255   0   0   0   0   0   0   0   0   0   0   0   0 255 255
255 255   0   0   0   0   0   0   0   0   0   0   0   0 255 255
255 255 255 255 255 255 255 255 255 255 255 255 255 255 255 255
255 255 255 255 255 255 255 255 255 255 255 255 255 255 255 255
255 255 255 255 255 255 255 255 255 255 255 255 255 255 255 255
255 255 255 255 255 255 255 255 255 255 255 255 255 255 255 255
255 255   0   0   0   0   0   0   0   0   0   0   0   0 255 255
255 255   0   0   0   0   0   0   0   0   0   0   0   0 255 255
255 255   0   0   0   0   0   0   0   0   0   0   0   0 255 255
255 255   0   0   0   5   5 162 255   5   5   0   0   0 255 255
255 255   0   0   0   5 252  97 173 252   5   0   0   0 255 255
255 255   0   0   0  97 105 162 197 238  97   0   0   0 255 255
255 255   0   0   0   5 115 221 162   5   5   0   0   0 255 255
255 255   0   0   0   5 252 245 105 203 227   0   0   0 255 255
255 255   0   0   0   5   5 162  97   5   5   0   0   0 255 255
255 255   0   0   0   0   0   0   0   0   0   0   0   0 255 255
255 255   0   0   0   0   0   0   0   0   0   0   0   0 255 255
255 255   0   0   0   0   0   0   0   0   0   0   0   0 255 255
255 255 255 255 255 255 255 255 255 255 255 255 255 255 255 255
255 255 255 255 255 255 255 255 255 255 255 255 255 255 255 255
255 255 255 255 255 255 255 255 255 255 255 255 255 255 255 255
255 255 255 255 255 255 255 255 255 255 255 255 255 255 255 255
255 255   0   0   0   0   0   0   0   0   0   0   0   0 255 255
255 255   0   0   0   0   0   0   0   0   0   0   0   0 255 255
255 255   0   0   0   0   0   0   0   0   0   0   0   0 255 255
255 255   0   0   0   1   1 161 255   1   1   0   0   0 255 255
255 255   0   0   0   1 252  95 171 252   1   0   0   0 255 255
255 255   0   0   0  95 102 161 196 237  95   0   0   0 255 255
255 255   0   0   0   1 113 220 161   1   1   0   0   0 255 255
255 255   0   0   0   1 252 245 102 202 227   0   0   0 255 255
255 255   0   0   0   1   1 161  95   1   1   0   0   0 255 255
255 255   0   0   0   0   0   0   0   0   0   0   0   0 255 255
255 255   0   0   0   0   0   0   0   0   0   0   0   0 255 255
255 255   0   0   0   0   0   0   0   0   0   0   0   0 255 255
255 255 255 255 255 255 255 255 255 255 255 255 255 255 255 255
255 255 255 255 255 255 255 255 255 255 255 255 255 255 255 255

255 255 255 255 255 255 255 255 255 255 255 255 255 255 255 255
255 255 255 255 255 255 255 255 255 255 255 255 255 255 255 255
255 255   0   0   0   0   0   0   0   0   0   0   0   0 255 255
255 255   0   0   0   0   0   0   0   0   0   0   0   0 255 255
255 255   0   0   0   0   0   0   0   0   0   0   0   0 255 255
255 255   0   0   0 139 139 182 139 242 139   0   0   0 255 255
255 255   0   0   0 139 253 247 139 231 139   0   0   0 255 255
255 255   0   0   0 255 217 228 212 185 182   0   0   0 255 255
255 255   0   0   0 212 182 212 239 250 212   0   0   0 255 255
255 255   0   0   0 139 253 185 190 253 139   0   0   0 255 255
255 255   0   0   0 139 139 182 139 139 139   0   0   0 255 255
255 255   0   0   0   0   0   0   0   0   0   0   0   0 255 255
255 255   0   0   0   0   0   0   0   0   0   0   0   0 255 255
255 255   0   0   0   0   0   0   0   0   0   0   0   0 255 255
255 255 255 255 255 255 255 255 255 255 255 255 255 255 255 255
255 255 255 255 255 255 255 255 255 255 255 255 255 255 255 255
255 255 255 255 255 255 255 255 255 255 255 255 255 255 255 255
255 255 255 255 255 255 255 255 255 255 255 255 255 255 255 255
255 255   0   0   0   0   0   0   0   0   0   0   0   0 255 255
255 255   0   0   0   0   0   0   0   0   0   0   0   0 255 255
255 255   0   0   0   0   0   0   0   0   0   0   0   0 255 255
255 255   0   0   0   5   5  97   5 227   5   0   0   0 255 255
255 255   0   0   0   5 252 238   5 203   5   0   0   0 255 255
255 255   0   0   0 255 173 197 162 105  97   0   0   0 255 255
255 255   0   0   0 162  97 162 221 245 162   0   0   0 255 255
255 255   0   0   0   5 252 105 115 252   5   0   0   0 255 255
255 255   0   0   0   5   5  97   5   5   5   0   0   0 255 255
255 255   0   0   0   0   0   0   0   0   0   0   0   0 255 255
255 255   0   0   0   0   0   0   0   0   0   0   0   0 255 255
255 255   0   0   0   0   0   0   0   0   0   0   0   0 255 255
255 255 255 255 255 255 255 255 255 255 255 255 255 255 255 255
255 255 255 255 255 255 255 255 255 255 255 255 255 255 255 255
255 255 255 255 255 255 255 255 255 255 255 255 255 255 255 255
255 255 255 255 255 255 255 255 255 255 255 255 255 255 255 255
255 255   0   0   0   0   0   0   0   0   0   0   0   0 255 255
255 255   0   0   0   0   0   0   0   0   0   0   0   0 255 255
255 255   0   0   0   0   0   0   0   0   0   0   0   0 255 255
255 255   0   0   0   1   1  95   1 227   1   0   0   0 255 255
255 255   0   0   0   1 252 237   1 202   1   0   0   0 255 255
255 255   0   0   0 255 171 196 161 102  95   0   0   0 255 255
255 255   0   0   0 161  95 161 220 245 161   0   0   0 255 255
255 255   0   0   0   1 252 102 113 252   1   0   0   0 255 255
255 255   0   0   0   1   1  95   1   1   1   0   0   0 255 255
255 255   0   0   0   0   0   0   0   0   0   0   0   0 255 255
255 255   0   0   0   0   0   0   0   0   0   0   0   0 255 255
255 255   0   0   0   0   0   0   0   0   0   0   0   0 255 255
255 255 255 255 255 255 255 255 255 255 255 255 255 255 255 255
255 255 255 255 255 255 255 255 255 255 255 255 255 255 255 255

255 255 255 255 255 255 255 255 255 255 255 255 255 255 255 255
255 214 153 153 153 153 153 153 153 153 153 153 153 153 214 255
255 153   0   0   0   0   0   0   0   0   0   0   0   0 153 255
255 153   0   0   0   0   0   0   0   0   0   0   0   0 153 255
255 153   0   0  11  52  52  52  52  52  52  11   0   0 153 255
255 153   0   0  52 228 205 211 217 216 228  52   0   0 153 255
255 153   0   0  52 210 187 187 198 194 216  52   0   0 153 255
255 153   0   0  52 223 187 183 212 212 216  52   0   0 153 255
255 153   0   0  52 222 207 211 191 201 207  52   0   0 153 255
255 153   0   0  52 216 194 192 205 194 216  52   0   0 153 255
255 153   0   0  52 228 216 224 220 216 228  52   0   0 153 255
255 153   0   0  11  52  52  52  52  52  52  11   0   0 153 255
255 153   0   0   0   0   0   0   0   0   0   0   0   0 153 255
255 153   0   0   0   0   0   0   0   0   0   0   0   0 153 255
255 214 153 153 153 153 153 153 153 153 153 153 153 153 214 255
255 255 255 255 255 255 255 255 255 255 255 255 255 255 255 255
255 255 255 255 255 255 255 255 255 255 255 255 255 255 255 255
255 214 153 153 153 153 153 153 153 153 153 153 153 153 214 255
255 153   0   0   0   0   0   0   0   0   0   0   0   0 153 255
255 153   0   0   0   0   0   0   0   0   0   0   0   0 153 255
255 153   0   0  11  52  52  52  52  52  52  11   0   0 153 255
255 153   0   0  52 198 149 162 175 171 198  52   0   0 153 255
255 153   0   0  52 160 111 110 133 123 171  52   0   0 153 255
255 153   0   0  52 188 109 100 165 163 173  52   0   0 153 255
255 153   0   0  52 186 153 160 118 141 154  52   0   0 153 255
255 153   0   0  52 171 123 121 148 123 171  52   0   0 153 255
255 153   0   0  52 198 171 188 180 171 198  52   0   0 153 255
255 153   0   0  11  52  52  52  52  52  52  11   0   0 153 255
255 153   0   0   0   0   0   0   0   0   0   0   0   0 153 255
255 153   0   0   0   0   0   0   0   0   0   0   0   0 153 255
255 214 153 153 153 153 153 153 153 153 153 153 153 153 214 255
255 255 255 255 255 255 255 255 255 255 255 255 255 255 255 255
255 255 255 255 255 255 255 255 255 255 255 255 255 255 255 255
255 214 153 153 153 153 153 153 153 153 153 153 153 153 214 255
255 153   0   0   0   0   0   0   0   0   0   0   0   0 153 255
255 153   0   0   0   0   0   0   0   0   0   0   0   0 153 255
255 153   0   0  11  52  52  52  52  52  52  11   0   0 153 255
255 153   0   0  52 197 147 161 173 169 197  52   0   0 153 255
255 153   0   0  52 158 108 107 131 121 169  52   0   0 153 255
255 153   0   0  52 187 107  97 163 162 172  52   0   0 153 255
255 153   0   0  52 184 152 159 116 139 152  52   0   0 153 255
255 153   0   0  52 169 121 118 146 121 169  52   0   0 153 255
255 153   0   0  52 197 169 187 179 169 197  52   0   0 153 255
255 153   0   0  11  52  52  52  52  52  52  11   0   0 153 255
255 153   0   0   0   0   0   0   0   0   0   0   0   0 153 255
255 153   0   0   0   0   0   0   0   0   0   0   0   0 153 255
255 214 153 153 153 153 153 153 153 153 153 153 153 153 214 255
255 255 255 255 255 255 255 255 255 255 255 255 255 255 255 255

255 255 255 255 255 255 255 255 255 255 255 255 255 255 255 255
255 214 153 153 153 153 153 153 153 153 153 153 153 153 214 255
255 153   0   0   0   0   0   0   0   0   0   0   0   0 153 255
255 153   0   0   0   0   0   0   0   0   0   0   0   0 153 255
255 153   0   0  11  52  52  52  52  52  52  11   0   0 153 255
255 153   0   0  52 228 216 216 207 216 228  52   0   0 153 255
255 153   0   0  52 216 194 212 201 194 216  52   0   0 153 255
255 153   0   0  52 217 198 212 191 205 220  52   0   0 153 255
255 153   0   0  52 211 187 183 211 192 224  52   0   0 153 255
255 153   0   0  52 205 187 187 207 194 216  52   0   0 153 255
255 153   0   0  52 228 210 223 222 216 228  52   0   0 153 255
255 153   0   0  11  52  52  52  52  52  52  11   0   0 153 255
255 153   0   0   0   0   0   0   0   0   0   0   0   0 153 255
255 153   0   0   0   0   0   0   0   0   0   0   0   0 153 255
255 214 153 153 153 153 153 153 153 153 153 153 153 153 214 255
255 255 255 255 255 255 255 255 255 255 255 255 255 255 255 255
255 255 255 255 255 255 255 255 255 255 255 255 255 255 255 255
255 214 153 153 153 153 153 153 153 153 153 153 153 153 214 255
255 153   0   0   0   0   0   0   0   0   0   0   0   0 153 255
255 153   0   0   0   0   0   0   0   0   0   0   0   0 153 255
255 153   0   0  11  52  52  52  52  52  52  11   0   0 153 255
255 153   0   0  52 198 171 173 154 171 198  52   0   0 153 255
255 153   0   0  52 171 123 163 141 123 171  52   0   0 153 255
255 153   0   0  52 175 133 165 118 148 180  52   0   0 153 255
255 153   0   0  52 162 110 100 160 121 188  52   0   0 153 255
255 153   0   0  52 149 111 109 153 123 171  52   0   0 153 255
255 153   0   0  52 198 160 188 186 171 198  52   0   0 153 255
255 153   0   0  11  52  52  52  52  52  52  11   0   0 153 255
255 153   0   0   0   0   0   0   0   0   0   0   0   0 153 255
255 153   0   0   0   0   0   0   0   0   0   0   0   0 153 255
255 214 153 153 153 153 153 153 153 153 153 153 153 153 214 255
255 255 255 255 255 255 255 255 255 255 255 255 255 255 255 255
255 255 255 255 255 255 255 255 255 255 255 255 255 255 255 255
255 214 153 153 153 153 153 153 153 153 153 153 153 153 214 255
255 153   0   0   0   0   0   0   0   0   0   0   0   0 153 255
255 153   0   0   0   0   0   0   0   0   0   0   0   0 153 255
255 153   0   0  11  52  52  52  52  52  52  11   0   0 153 255
255 153   0   0  52 197 169 172 152 169 197  52   0   0 153 255
255 153   0   0  52 169 121 162 139 121 169  52   0   0 153 255
255 153   0   0  52 173 131 163 116 146 179  52   0   0 153 255
255 153   0   0  52 161 107  97 159 118 187  52   0   0 153 255
255 153   0   0  52 147 108 107 152 121 169  52   0   0 153 255
255 153   0   0  52 197 158 187 184 169 197  52   0   0 153 255
255 153   0   0  11  52  52  52  52  52  52  11   0   0 153 255
255 153   0   0   0   0   0   0   0   0   0   0   0   0 153 255
255 153   0   0   0   0   0   0   0   0   0   0   0   0 153 255
255 214 153 153 153 153 153 153 153 153 153 153 153 153 214 255
255 255 255 255 255 255 255 255 255 255 255 255 255 255 255 255
